#######################################
## CM LL BB BB
## 	     BB BB = Brightness
##     LL       = LED
##  CM          = CMD
## --------------------------------
## D ##           = Device    
#######################################

# =====================================
# Device 00 
D 00






# =====================================
# LED Rainbow

# RED on
91 00 10 04 00
91 03 10 04 00
91 06 10 04 00
91 09 10 04 00
91 0c 10 04 00
91 0f 10 04 00
91 12 10 04 00
91 15 10 04 00
91 18 10 04 00
91 1b 10 04 00
91 1e 10 04 00
91 21 10 04 00
91 24 10 04 00
91 27 10 04 00
91 2a 10 04 00
93 2d 10 04 00

# BLUE off
#92 02 10 04 00
#92 05 10 04 00
#92 08 10 04 00
#92 0b 10 04 00
#92 0e 10 04 00
#92 11 10 04 00
#92 14 10 04 00
#92 17 10 04 00
#92 1a 10 04 00
#92 1d 10 04 00
#92 20 10 04 00
#92 23 10 04 00
#92 26 10 04 00
#92 29 10 04 00
#92 2c 10 04 00
#94 2f 10 04 00

# GREEN on
91 01 10 04 00
91 04 10 04 00
91 07 10 04 00
91 0a 10 04 00
91 0d 10 04 00
91 10 10 04 00
91 13 10 04 00
91 16 10 04 00
91 19 10 04 00
91 1c 10 04 00
91 1f 10 04 00
91 22 10 04 00
91 25 10 04 00
91 28 10 04 00
91 2b 10 04 00
93 2e 10 04 00

# RED off
92 00 10 04 00
92 03 10 04 00
92 06 10 04 00
92 09 10 04 00
92 0c 10 04 00
92 0f 10 04 00
92 12 10 04 00
92 15 10 04 00
92 18 10 04 00
92 1b 10 04 00
92 1e 10 04 00
92 21 10 04 00
92 24 10 04 00
92 27 10 04 00
92 2a 10 04 00
94 2d 10 04 00

# BLUE on
91 02 10 04 00
91 05 10 04 00
91 08 10 04 00
91 0b 10 04 00
91 0e 10 04 00
91 11 10 04 00
91 14 10 04 00
91 17 10 04 00
91 1a 10 04 00
91 1d 10 04 00
91 20 10 04 00
91 23 10 04 00
91 26 10 04 00
91 29 10 04 00
91 2c 10 04 00
93 2f 10 04 00

# GREEN off
92 01 10 04 00
92 04 10 04 00
92 07 10 04 00
92 0a 10 04 00
92 0d 10 04 00
92 10 10 04 00
92 13 10 04 00
92 16 10 04 00
92 19 10 04 00
92 1c 10 04 00
92 1f 10 04 00
92 22 10 04 00
92 25 10 04 00
92 28 10 04 00
92 2b 10 04 00
94 2e 10 04 00



# BLUE off
92 02 10 04 00
92 05 10 04 00
92 08 10 04 00
92 0b 10 04 00
92 0e 10 04 00
92 11 10 04 00
92 14 10 04 00
92 17 10 04 00
92 1a 10 04 00
92 1d 10 04 00
92 20 10 04 00
92 23 10 04 00
92 26 10 04 00
92 29 10 04 00
92 2c 10 04 00
94 2f 10 04 00

###################################################################################

# =====================================
# All OFF
00 00 00 00
00 01 00 00
00 02 00 00
00 03 00 00
00 04 00 00
00 05 00 00
00 06 00 00
00 07 00 00
00 08 00 00
00 09 00 00
00 0a 00 00
00 0b 00 00
00 0c 00 00
00 0d 00 00
00 0e 00 00
00 0f 00 00

00 10 00 00
00 11 00 00
00 12 00 00
00 13 00 00
00 14 00 00
00 15 00 00
00 16 00 00
00 17 00 00
00 18 00 00
00 19 00 00
00 1a 00 00
00 1b 00 00
00 1c 00 00
00 1d 00 00
00 1e 00 00
00 1f 00 00

00 20 00 00
00 21 00 00
00 22 00 00
00 23 00 00
00 24 00 00
00 25 00 00
00 26 00 00
00 27 00 00
00 28 00 00
00 29 00 00
00 2a 00 00
00 2b 00 00
00 2c 00 00
00 2d 00 00
00 2e 00 00
00 2f 00 00

###################################################################################
###################################################################################
###################################################################################
###################################################################################

#^ = repeat
#^6 = repeat 6 times
#> = next filename...
##>default.txt
>default3r.txt
